444
38
798
949
417
409
399
410
130
693
748
854
738
404
252
94
832
920
427
40
311
620
21
49
220
2
202
753
911
177
591
75
403
709
608
642
604
504
244
701
679
702
461
741
906
637
761
23
570
674
454
697
725
265
241
52
978
153
823
617
673
930
681
14
209
787
531
20
505
115
254
472
354
893
123
594
563
916
474
527
778
579
42
43
250
876
151
710
359
36
874
796
390
341
58
129
316
376
953
976
223
566
513
815
618
266
802
828
173
291
28
783
146
243
402
261
926
95
145
214
201
948
33
451
375
373
707
699
929
668
939
659
817
337
975
634
19
705
913
448
251
92
227
485
27
160
320
216
887
739
766
924
576
790
728
32
905
537
556
678
974
181
59
515
944
471
425
560
689
558
15
730
378
569
421
229
364
979
971
369
901
553
103
511
96
118
855
646
711
542
704
819
4
196
869
439
844
791
555
190
185
595
833
481
852
290
90
582
329
910
61
575
235
667
607
530
786
834
199
476
767
450
368
135
936
661
545
442
899
636
71
306
972
763
577
330
977
774
424
533
875
639
809
140
934
331
909
31
571
56
349
282
775
353
64
902
547
665
228
242
526
100
573
805
191
733
857
463
387
334
278
821
734
423
507
544
318
281
676
233
260
107
801
829
957
958
640
152
498
959
162
768
700
283
703
226
139
807
447
653
638
149
206
388
249
695
81
157
866
459
612
694
717
407
109
565
804
601
391
931
955
536
736
848
292
482
236
411
773
328
287
500
313
53
651
211
625
374
478
502
79
456
982
322
269
105
660
947
51
412
719
342
315
7
685
788
721
443
8
630
820
867
716
973
142
295
878
751
184
932
248
686
851
203
593
861
606
215
158
385
277
63
67
131
628
380
300
814
99
379
355
714
850
952
737
10
406
935
17
843
490
943
296
422
535
12
644
648
682
194
755
885
280
621
321
210
567
257
333
729
824
335
532
724
968
155
302
523
706
882
357
440
946
956
600
650
770
263
757
156
30
360
873
477
835
494
467
259
616
253
839
65
516
163
677
356
221
863
487
872
645
884
171
583
614
777
915
892
180
743
363
178
484
119
69
93
598
82
654
134
455
150
57
877
89
247
218
506
509
524
671
657
688
361
365
437
24
610
405
941
731
83
161
307
745
546
325
715
641
225
102
37
179
346
664
453
592
418
293
128
122
483
847
284
1
732
362
189
381
420
121
396
469
723
950
435
888
66
54
825
468
859
473
258
271
631
268
581
698
720
517
393
413
611
945
46
836
548
84
842
670
120
16
113
830
683
452
881
339
255
348
383
457
6
164
398
890
9
212
312
288
923
940
304
803
627
499
231
626
415
966
868
980
951
262
633
749
297
174
389
338
564
408
862
165
279
182
132
401
838
894
961
347
938
518
317
856
200
965
319
864
127
550
256
430
39
529
167
308
780
605
860
344
238
663
879
963
622
126
462
525
883
613
891
735
74
426
599
954
154
496
784
521
687
148
55
29
434
574
112
587
918
372
13
432
865
275
217
568
87
274
740
446
289
294
73
392
811
147
309
370
80
781
458
137
758
400
270
495
590
416
340
540
907
933
810
124
234
245
314
779
78
267
41
675
111
489
480
750
352
3
429
62
596
520
332
428
534
691
512
632
465
323
303
45
765
47
175
239
205
643
143
108
655
896
580
246
491
849
917
837
394
919
764
470
827
101
557
230
497
785
762
222
914
937
445
116
18
382
680
561
584
903
232
808
942
543
324
585
841
264
397
727
772
551
742
91
578
188
726
169
186
712
624
840
168
449
718
301
433
922
519
273
816
895
603
696
170
68
460
541
299
386
549
908
358
26
822
285
310
713
207
77
602
72
85
969
60
960
797
97
503
812
272
114
240
237
886
588
395
166
414
197
539
789
898
647
752
106
141
927
826
818
795
336
769
559
666
104
799
662
871
176
813
649
492
224
183
501
298
889
846
597
475
343
133
98
754
572
350
845
384
367
351
692
213
204
117
967
192
377
327
11
635
652
672
70
792
554
562
219
538
514
962
441
493
419
904
708
684
609
623
276
831
928
800
522
464
366
746
35
305
793
76
5
88
86
760
286
34
759
552
744
776
50
658
326
159
900
921
510
806
195
690
125
756
897
970
981
528
615
880
431
619
747
964
912
144
110
187
438
44
208
436
136
486
22
345
925
782
479
771
25
853
198
589
794
656
48
586
629
870
488
371
172
722
138
858
669
193
466
508
