4
11
12
18
22
25
28
29
34
45
50
53
62
66
72
81
85
86
97
98
99
100
108
115
120
139
144
147
152
160
161
165
169
178
187
192
195
203
218
221
233
241
261
264
267
276
284
285
286
290
304
309
312
313
317
321
324
329
340
343
348
351
356
361
362
367
373
376
384
385
393
394
398
405
408
409
412
420
421
424
425
428
429
430
433
434
437
443
465
466
467
477
489
490
491
496
504
505
514
515
523
530
533
534
535
546
549
550
554
555
565
572
573
576
577
580
583
597
610
611
612
630
636
637
641
642
648
649
652
659
662
666
672
678
681
690
694
695
699
700
701
718
719
729
735
739
740
751
755
760
763
766
770
773
774
783
788
791
795
801
804
805
811
817
823
835
836
841
885
886
905
913
924
930
937
938
939
942
945
946
951
954
959
967
971
972
982
