6
21
26
29
34
40
43
47
48
55
59
60
61
66
77
84
87
89
99
101
109
126
129
132
134
137
141
143
149
150
162
163
174
175
176
179
183
196
211
215
219
226
231
235
237
243
246
248
249
251
254
257
265
266
267
268
272
278
280
282
284
294
297
300
302
308
315
318
329
333
334
336
341
345
348
351
354
358
368
375
381
383
384
390
399
418
428
438
439
447
451
454
455
458
459
470
484
485
489
500
502
504
509
512
513
519
542
545
546
564
566
568
572
573
587
600
609
613
616
622
628
642
643
648
653
657
661
664
676
678
685
694
704
711
719
727
729
731
738
743
746
747
748
755
772
773
787
790
801
820
821
822
833
837
846
873
879
883
897
915
943
944
961
964
980
